
7.275908774,175.2203765,22644.76635,7.886854527,293.3098537,373.3456926,17.41168255,56.79928677,5.062297798 -	1

7.60952119,223.2883936,40879.78957,7.030699301,310.6324499,370.27088,14.3753683,73.75695721,3.145842903   -0 



7.5,218.5735482,11724.62332,7.565406845,296.4305395,452.7276913,14.66570381,51.26182669,3.56139783    -	1

7.974521649,218.6933005,18767.65668,8.110384501,300,364.0982305,14.5257457,76.48591118,4.011718108  -	0


My telegram bot username: potability_bot 



